0.10000000000000001 2
0.20000000000000001 2
0.30000000000000004 2
0.40000000000000002 2
0.5 4
0.59999999999999998 4
0.69999999999999996 8
0.79999999999999993 8
0.89999999999999991 8
0.99999999999999989 16
1.0999999999999999 16
1.2 32
1.3 32
1.4000000000000001 32
1.5000000000000002 64
1.6000000000000003 64
1.7000000000000004 88
1.8000000000000005 88
1.9000000000000006 79
2.0000000000000004 79
2.1000000000000005 79
2.2000000000000006 70
2.3000000000000007 70
2.4000000000000008 63
2.5000000000000009 63
2.600000000000001 63
2.7000000000000011 65
2.8000000000000012 65
2.9000000000000012 66
3.0000000000000013 66
3.1000000000000014 68
3.2000000000000015 68
3.3000000000000016 68
3.4000000000000017 69
3.5000000000000018 69
3.6000000000000019 70
3.700000000000002 70
3.800000000000002 70
3.9000000000000021 70
4.0000000000000018 70
4.1000000000000014 71
4.2000000000000011 71
4.3000000000000007 71
4.4000000000000004 71
4.5 71
4.5999999999999996 71
4.6999999999999993 71
4.7999999999999989 71
4.8999999999999986 71
4.9999999999999982 71
5.0999999999999979 71
5.1999999999999975 71
5.2999999999999972 71
5.3999999999999968 71
5.4999999999999964 71
5.5999999999999961 71
5.6999999999999957 71
5.7999999999999954 71
5.899999999999995 71
5.9999999999999947 71
6.0999999999999943 71
6.199999999999994 71
6.2999999999999936 71
6.3999999999999932 71
6.4999999999999929 71
6.5999999999999925 71
6.6999999999999922 72
6.7999999999999918 72
6.8999999999999915 72
6.9999999999999911 73
7.0999999999999908 73
7.1999999999999904 74
7.2999999999999901 74
7.3999999999999897 74
7.4999999999999893 75
7.599999999999989 75
7.6999999999999886 76
7.7999999999999883 76
7.8999999999999879 78
7.9999999999999876 78
8.0999999999999872 78
8.1999999999999869 81
8.2999999999999865 81
8.3999999999999861 83
8.4999999999999858 83
8.5999999999999854 83
8.6999999999999851 86
8.7999999999999847 86
8.8999999999999844 90
8.999999999999984 90
9.0999999999999837 93
9.1999999999999833 93
9.2999999999999829 93
9.3999999999999826 98
9.4999999999999822 98
9.5999999999999819 103
9.6999999999999815 103
9.7999999999999812 103
9.8999999999999808 109
9.9999999999999805 109
10.09999999999998 115
10.19999999999998 115
10.299999999999979 122
10.399999999999979 122
10.499999999999979 122
10.599999999999978 130
10.699999999999978 130
10.799999999999978 138
10.899999999999977 138
10.999999999999977 138
11.099999999999977 147
11.199999999999976 147
11.299999999999976 143
11.399999999999975 143
11.499999999999975 124
11.599999999999975 124
11.699999999999974 124
11.799999999999974 125
11.899999999999974 125
11.999999999999973 129
12.099999999999973 129
12.199999999999973 129
12.299999999999972 134
12.399999999999972 134
12.499999999999972 138
12.599999999999971 138
12.699999999999971 142
12.799999999999971 142
12.89999999999997 142
12.99999999999997 145
13.099999999999969 145
13.199999999999969 148
13.299999999999969 148
13.399999999999968 148
13.499999999999968 150
13.599999999999968 150
13.699999999999967 151
13.799999999999967 151
13.899999999999967 153
13.999999999999966 153
14.099999999999966 153
14.199999999999966 154
14.299999999999965 154
14.399999999999965 155
14.499999999999964 155
14.599999999999964 155
14.699999999999964 155
14.799999999999963 155
14.899999999999963 156
14.999999999999963 156
15.099999999999962 156
15.199999999999962 156
15.299999999999962 156
15.399999999999961 156
15.499999999999961 156
15.599999999999961 156
15.69999999999996 156
15.79999999999996 156
15.899999999999959 156
15.999999999999959 156
16.099999999999959 156
16.19999999999996 156
16.299999999999962 156
16.399999999999963 156
16.499999999999964 156
16.599999999999966 156
16.699999999999967 156
16.799999999999969 156
16.89999999999997 156
16.999999999999972 156
17.099999999999973 156
17.199999999999974 156
17.299999999999976 156
17.399999999999977 156
17.499999999999979 157
17.59999999999998 157
17.699999999999982 157
17.799999999999983 158
17.899999999999984 158
17.999999999999986 159
18.099999999999987 159
18.199999999999989 159
18.29999999999999 160
18.399999999999991 160
18.499999999999993 161
18.599999999999994 161
18.699999999999996 163
18.799999999999997 163
18.899999999999999 163
19 166
19.100000000000001 166
19.200000000000003 168
19.300000000000004 168
19.400000000000006 168
19.500000000000007 172
19.600000000000009 172
19.70000000000001 175
19.800000000000011 175
19.900000000000013 178
20.000000000000014 178
20.100000000000016 178
20.200000000000017 183
20.300000000000018 183
20.40000000000002 188
20.500000000000021 188
20.600000000000023 188
20.700000000000024 194
20.800000000000026 194
20.900000000000027 201
21.000000000000028 201
21.10000000000003 208
21.200000000000031 208
21.300000000000033 208
21.400000000000034 216
21.500000000000036 216
21.600000000000037 224
21.700000000000038 224
21.80000000000004 224
21.900000000000041 233
22.000000000000043 233
22.100000000000044 221
22.200000000000045 221
22.300000000000047 193
22.400000000000048 193
22.50000000000005 193
22.600000000000051 194
22.700000000000053 194
22.800000000000054 200
22.900000000000055 200
23.000000000000057 200
23.100000000000058 206
23.20000000000006 206
23.300000000000061 212
23.400000000000063 212
23.500000000000064 216
23.600000000000065 216
23.700000000000067 216
23.800000000000068 221
23.90000000000007 221
24.000000000000071 225
24.100000000000072 225
24.200000000000074 225
24.300000000000075 228
24.400000000000077 228
24.500000000000078 232
24.60000000000008 232
24.700000000000081 234
24.800000000000082 234
24.900000000000084 234
25.000000000000085 236
25.100000000000087 236
25.200000000000088 238
25.30000000000009 238
25.400000000000091 238
25.500000000000092 239
25.600000000000094 239
25.700000000000095 240
25.800000000000097 240
25.900000000000098 241
26.000000000000099 241
26.100000000000101 241
26.200000000000102 242
26.300000000000104 242
26.400000000000105 242
26.500000000000107 242
26.600000000000108 242
26.700000000000109 242
26.800000000000111 242
26.900000000000112 242
27.000000000000114 242
27.100000000000115 242
27.200000000000117 242
27.300000000000118 242
27.400000000000119 242
27.500000000000121 242
27.600000000000122 242
27.700000000000124 242
27.800000000000125 242
27.900000000000126 242
28.000000000000128 242
28.100000000000129 242
28.200000000000131 242
28.300000000000132 242
28.400000000000134 242
28.500000000000135 242
28.600000000000136 242
28.700000000000138 242
28.800000000000139 242
28.900000000000141 242
29.000000000000142 242
29.100000000000144 243
29.200000000000145 243
29.300000000000146 244
29.400000000000148 244
29.500000000000149 245
29.600000000000151 245
29.700000000000152 245
29.800000000000153 246
29.900000000000155 246
30.000000000000156 248
30.100000000000158 248
30.200000000000159 248
30.300000000000161 250
30.400000000000162 250
30.500000000000163 252
30.600000000000165 252
30.700000000000166 255
30.800000000000168 255
30.900000000000169 255
31.000000000000171 258
31.100000000000172 258
31.200000000000173 262
31.300000000000175 262
31.400000000000176 262
31.500000000000178 265
31.600000000000179 265
31.70000000000018 270
31.800000000000182 270
31.900000000000183 275
32.000000000000185 275
32.100000000000186 275
32.200000000000188 281
32.300000000000189 281
32.40000000000019 288
32.500000000000192 288
32.600000000000193 288
32.700000000000195 295
32.800000000000196 295
32.900000000000198 303
33.000000000000199 303
33.1000000000002 312
33.200000000000202 312
33.300000000000203 312
33.400000000000205 321
33.500000000000206 321
33.600000000000207 256
33.700000000000209 256
33.80000000000021 256
33.900000000000212 257
34.000000000000213 257
34.100000000000215 265
34.200000000000216 265
34.300000000000217 272
34.400000000000219 272
34.50000000000022 272
34.600000000000222 279
34.700000000000223 279
34.800000000000225 285
34.900000000000226 285
35.000000000000227 285
35.100000000000229 290
35.20000000000023 290
35.300000000000232 295
35.400000000000233 295
35.500000000000234 299
35.600000000000236 299
35.700000000000237 299
35.800000000000239 303
35.90000000000024 303
36.000000000000242 307
36.100000000000243 307
36.200000000000244 307
36.300000000000246 310
36.400000000000247 310
36.500000000000249 313
36.60000000000025 313
36.700000000000252 315
36.800000000000253 315
36.900000000000254 315
37.000000000000256 317
37.100000000000257 317
37.200000000000259 318
37.30000000000026 318
37.400000000000261 318
37.500000000000263 319
37.600000000000264 319
37.700000000000266 320
37.800000000000267 320
37.900000000000269 321
38.00000000000027 321
38.100000000000271 321
38.200000000000273 321
38.300000000000274 321
38.400000000000276 321
38.500000000000277 321
38.600000000000279 321
38.70000000000028 321
38.800000000000281 321
38.900000000000283 321
39.000000000000284 321
39.100000000000286 321
39.200000000000287 321
39.300000000000288 321
39.40000000000029 321
39.500000000000291 321
39.600000000000293 321
39.700000000000294 321
39.800000000000296 321
39.900000000000297 321
40.000000000000298 321
40.1000000000003 321
40.200000000000301 321
40.300000000000303 321
40.400000000000304 321
40.500000000000306 321
40.600000000000307 321
40.700000000000308 321
40.80000000000031 322
40.900000000000311 322
41.000000000000313 322
41.100000000000314 323
41.200000000000315 323
41.300000000000317 324
41.400000000000318 324
41.50000000000032 325
41.600000000000321 325
41.700000000000323 325
41.800000000000324 327
41.900000000000325 327
42.000000000000327 329
42.100000000000328 329
42.20000000000033 329
42.300000000000331 331
42.400000000000333 331
42.500000000000334 334
42.600000000000335 334
42.700000000000337 336
42.800000000000338 337
42.90000000000034 337
43.000000000000341 341
43.100000000000342 341
43.200000000000344 344
43.300000000000345 344
43.400000000000347 344
43.500000000000348 349
43.60000000000035 349
43.700000000000351 354
43.800000000000352 354
43.900000000000354 359
44.000000000000355 360
44.100000000000357 360
44.200000000000358 366
44.30000000000036 366
44.400000000000361 374
44.500000000000362 374
44.600000000000364 374
44.700000000000365 382
44.800000000000367 382
44.900000000000368 390
45.000000000000369 390
45.100000000000371 397
45.200000000000372 399
45.300000000000374 399
45.400000000000375 364
45.500000000000377 364
45.600000000000378 326
45.700000000000379 326
45.800000000000381 326
45.900000000000382 327
46.000000000000384 327
46.100000000000385 336
46.200000000000387 336
46.300000000000388 342
46.400000000000389 344
46.500000000000391 344
46.600000000000392 353
46.700000000000394 353
46.800000000000395 360
46.900000000000396 360
47.000000000000398 360
47.100000000000399 367
47.200000000000401 367
47.300000000000402 373
47.400000000000404 373
47.500000000000405 376
47.600000000000406 378
47.700000000000408 378
47.800000000000409 383
47.900000000000411 383
48.000000000000412 387
48.100000000000414 387
48.200000000000415 387
48.300000000000416 391
48.400000000000418 391
48.500000000000419 395
48.600000000000421 395
48.700000000000422 396
48.800000000000423 398
48.900000000000425 398
49.000000000000426 400
49.100000000000428 400
49.200000000000429 402
49.300000000000431 402
49.400000000000432 402
49.500000000000433 404
49.600000000000435 404
49.700000000000436 405
49.800000000000438 405
49.900000000000439 406
50.000000000000441 406
50.100000000000442 406
50.200000000000443 407
50.300000000000445 407
50.400000000000446 408
50.500000000000448 408
50.600000000000449 408
50.70000000000045 408
50.800000000000452 408
50.900000000000453 408
51.000000000000455 408
51.100000000000456 408
51.200000000000458 408
51.300000000000459 408
51.40000000000046 408
51.500000000000462 408
51.600000000000463 408
51.700000000000465 408
51.800000000000466 408
51.900000000000468 408
52.000000000000469 408
52.10000000000047 408
52.200000000000472 408
52.300000000000473 408
52.400000000000475 408
52.500000000000476 408
52.600000000000477 408
52.700000000000479 408
52.80000000000048 408
52.900000000000482 408
53.000000000000483 408
53.100000000000485 408
53.200000000000486 408
53.300000000000487 409
53.400000000000489 409
53.50000000000049 410
53.600000000000492 410
53.700000000000493 410
53.800000000000495 411
53.900000000000496 411
54.000000000000497 412
54.100000000000499 412
54.2000000000005 412
54.300000000000502 414
54.400000000000503 414
54.500000000000504 416
54.600000000000506 416
54.700000000000507 417
54.800000000000509 418
54.90000000000051 418
55.000000000000512 421
55.100000000000513 421
55.200000000000514 424
55.300000000000516 424
55.400000000000517 424
55.500000000000519 428
55.60000000000052 428
55.700000000000522 432
55.800000000000523 432
55.900000000000524 434
56.000000000000526 436
56.100000000000527 436
56.200000000000529 442
56.30000000000053 442
56.400000000000531 448
56.500000000000533 448
56.600000000000534 448
56.700000000000536 454
56.800000000000537 454
56.900000000000539 462
57.00000000000054 462
57.100000000000541 465
57.200000000000543 470
57.300000000000544 470
57.400000000000546 479
57.500000000000547 479
57.600000000000549 485
57.70000000000055 485
57.800000000000551 485
57.900000000000553 389
58.000000000000554 389
58.100000000000556 390
58.200000000000557 390
58.300000000000558 392
58.40000000000056 400
58.500000000000561 400
58.600000000000563 410
58.700000000000564 410
58.800000000000566 419
58.900000000000567 419
59.000000000000568 419
59.10000000000057 428
59.200000000000571 428
59.300000000000573 436
59.400000000000574 436
59.500000000000576 437
59.600000000000577 443
59.700000000000578 443
59.80000000000058 449
59.900000000000581 449
60.000000000000583 455
60.100000000000584 455
60.200000000000585 455
60.300000000000587 460
60.400000000000588 460
60.50000000000059 464
60.600000000000591 464
60.700000000000593 465
60.800000000000594 468
60.900000000000595 468
61.000000000000597 472
61.100000000000598 472
61.2000000000006 475
61.300000000000601 475
61.400000000000603 475
61.500000000000604 478
61.600000000000605 478
61.700000000000607 480
61.800000000000608 480
61.90000000000061 481
62.000000000000611 482
62.100000000000612 482
62.200000000000614 483
62.300000000000615 483
62.400000000000617 485
62.500000000000618 485
62.60000000000062 485
62.700000000000621 486
62.800000000000622 486
62.900000000000624 486
63.000000000000625 486
63.100000000000627 487
63.200000000000628 487
63.30000000000063 487
63.400000000000631 487
63.500000000000632 487
63.600000000000634 487
63.700000000000635 487
63.800000000000637 487
63.900000000000638 487
64.000000000000639 487
64.100000000000634 487
64.200000000000628 487
64.300000000000622 487
64.400000000000617 487
64.500000000000611 487
64.600000000000605 487
64.7000000000006 487
64.800000000000594 487
64.900000000000588 487
65.000000000000583 487
65.100000000000577 487
65.200000000000571 487
65.300000000000566 487
65.40000000000056 487
65.500000000000554 487
65.600000000000549 487
65.700000000000543 487
65.800000000000537 488
65.900000000000531 488
66.000000000000526 488
66.10000000000052 488
66.200000000000514 488
66.300000000000509 489
66.400000000000503 489
66.500000000000497 491
66.600000000000492 491
66.700000000000486 491
66.80000000000048 492
66.900000000000475 492
67.000000000000469 494
67.100000000000463 494
67.200000000000458 496
67.300000000000452 496
67.400000000000446 496
67.500000000000441 499
67.600000000000435 499
67.700000000000429 502
67.800000000000423 502
67.900000000000418 502
68.000000000000412 505
68.100000000000406 505
68.200000000000401 509
68.300000000000395 509
68.400000000000389 513
68.500000000000384 513
68.600000000000378 513
68.700000000000372 518
68.800000000000367 518
68.900000000000361 524
69.000000000000355 524
69.10000000000035 524
69.200000000000344 530
69.300000000000338 530
69.400000000000333 537
69.500000000000327 537
69.600000000000321 545
69.700000000000315 545
69.80000000000031 545
69.900000000000304 553
70.000000000000298 553
70.100000000000293 562
70.200000000000287 562
70.300000000000281 562
70.400000000000276 572
70.50000000000027 572
70.600000000000264 583
70.700000000000259 583
70.800000000000253 594
70.900000000000247 594
71.000000000000242 594
71.100000000000236 483
71.20000000000023 483
71.300000000000225 483
71.400000000000219 483
71.500000000000213 483
71.600000000000207 484
71.700000000000202 484
71.800000000000196 495
71.90000000000019 495
72.000000000000185 403
72.100000000000179 403
72.200000000000173 403
72.300000000000168 403
72.400000000000162 403
72.500000000000156 404
72.600000000000151 404
72.700000000000145 404
72.800000000000139 410
72.900000000000134 410
73.000000000000128 416
73.100000000000122 416
73.200000000000117 422
73.300000000000111 422
73.400000000000105 422
73.500000000000099 427
73.600000000000094 427
73.700000000000088 431
73.800000000000082 431
73.900000000000077 431
74.000000000000071 435
74.100000000000065 435
74.20000000000006 439
74.300000000000054 439
74.400000000000048 442
74.500000000000043 442
74.600000000000037 442
74.700000000000031 445
74.800000000000026 445
74.90000000000002 447
75.000000000000014 447
75.100000000000009 447
75.200000000000003 448
75.299999999999997 448
75.399999999999991 450
75.499999999999986 450
75.59999999999998 451
75.699999999999974 451
75.799999999999969 451
75.899999999999963 452
75.999999999999957 452
76.099999999999952 452
76.199999999999946 452
76.29999999999994 452
76.399999999999935 453
76.499999999999929 453
76.599999999999923 453
76.699999999999918 453
76.799999999999912 453
76.899999999999906 453
76.999999999999901 453
77.099999999999895 453
77.199999999999889 453
77.299999999999883 453
77.399999999999878 453
77.499999999999872 453
77.599999999999866 453
77.699999999999861 453
77.799999999999855 453
77.899999999999849 453
77.999999999999844 453
78.099999999999838 453
78.199999999999832 453
78.299999999999827 453
78.399999999999821 453
78.499999999999815 453
78.59999999999981 453
78.699999999999804 453
78.799999999999798 453
78.899999999999793 453
78.999999999999787 454
79.099999999999781 454
79.199999999999775 455
79.29999999999977 455
79.399999999999764 455
79.499999999999758 456
79.599999999999753 456
79.699999999999747 457
79.799999999999741 457
79.899999999999736 457
79.99999999999973 458
80.099999999999724 458
80.199999999999719 460
80.299999999999713 460
80.399999999999707 463
80.499999999999702 463
80.599999999999696 463
80.69999999999969 465
80.799999999999685 465
80.899999999999679 469
80.999999999999673 469
81.099999999999667 469
81.199999999999662 472
81.299999999999656 472
81.39999999999965 476
81.499999999999645 476
81.599999999999639 480
81.699999999999633 480
81.799999999999628 480
81.899999999999622 485
81.999999999999616 485
82.099999999999611 491
82.199999999999605 491
82.299999999999599 491
82.399999999999594 498
82.499999999999588 498
82.599999999999582 505
82.699999999999577 505
82.799999999999571 513
82.899999999999565 513
82.999999999999559 513
83.099999999999554 521
83.199999999999548 521
83.299999999999542 530
83.399999999999537 530
83.499999999999531 530
83.599999999999525 477
83.69999999999952 477
83.799999999999514 431
83.899999999999508 431
83.999999999999503 432
84.099999999999497 432
84.199999999999491 432
84.299999999999486 442
84.39999999999948 442
84.499999999999474 453
84.599999999999469 453
84.699999999999463 453
84.799999999999457 463
84.899999999999451 463
84.999999999999446 472
85.09999999999944 472
85.199999999999434 480
85.299999999999429 481
85.399999999999423 481
85.499999999999417 488
85.599999999999412 488
85.699999999999406 495
85.7999999999994 495
85.899999999999395 495
85.999999999999389 502
86.099999999999383 502
86.199999999999378 507
86.299999999999372 507
86.399999999999366 512
86.499999999999361 512
86.599999999999355 512
86.699999999999349 517
86.799999999999343 517
86.899999999999338 521
86.999999999999332 521
87.099999999999326 521
87.199999999999321 524
87.299999999999315 524
87.399999999999309 528
87.499999999999304 528
87.599999999999298 530
87.699999999999292 530
87.799999999999287 530
87.899999999999281 532
87.999999999999275 532
88.09999999999927 534
88.199999999999264 534
88.299999999999258 534
88.399999999999253 536
88.499999999999247 536
88.599999999999241 537
88.699999999999235 537
88.79999999999923 538
88.899999999999224 538
88.999999999999218 538
89.099999999999213 538
89.199999999999207 538
89.299999999999201 539
89.399999999999196 539
89.49999999999919 539
89.599999999999184 539
89.699999999999179 539
89.799999999999173 539
89.899999999999167 539
89.999999999999162 539
90.099999999999156 539
90.19999999999915 539
90.299999999999145 539
90.399999999999139 539
90.499999999999133 539
90.599999999999127 539
90.699999999999122 539
90.799999999999116 539
90.89999999999911 539
90.999999999999105 539
91.099999999999099 539
91.199999999999093 539
91.299999999999088 539
91.399999999999082 539
91.499999999999076 539
91.599999999999071 539
91.699999999999065 539
91.799999999999059 539
91.899999999999054 539
91.999999999999048 540
92.099999999999042 540
92.199999999999037 541
92.299999999999031 541
92.399999999999025 541
92.499999999999019 541
92.599999999999014 541
92.699999999999008 543
92.799999999999002 543
92.899999999998997 544
92.999999999998991 544
93.099999999998985 544
93.19999999999898 546
93.299999999998974 546
93.399999999998968 548
93.499999999998963 548
93.599999999998957 550
93.699999999998951 551
93.799999999998946 551
93.89999999999894 554
93.999999999998934 554
94.099999999998929 558
94.199999999998923 558
94.299999999998917 558
94.399999999998911 561
94.499999999998906 561
94.5999999999989 566
94.699999999998894 566
94.799999999998889 570
94.899999999998883 571
94.999999999998877 571
95.099999999998872 577
95.199999999998866 577
95.29999999999886 583
95.399999999998855 583
95.499999999998849 583
95.599999999998843 590
95.699999999998838 590
95.799999999998832 598
95.899999999998826 598
95.99999999999882 604
96.099999999998815 606
96.199999999998809 606
96.299999999998803 615
96.399999999998798 615
96.499999999998792 561
96.599999999998786 561
96.699999999998781 561
96.799999999998775 499
96.899999999998769 499
96.999999999998764 500
97.099999999998758 500
97.199999999998752 508
97.299999999998747 511
97.399999999998741 511
97.499999999998735 523
97.59999999999873 523
97.699999999998724 509
97.799999999998718 509
97.899999999998712 509
97.999999999998707 428
98.099999999998701 428
98.199999999998695 434
98.29999999999869 434
98.399999999998684 439
98.499999999998678 441
98.599999999998673 441
98.699999999998667 447
98.799999999998661 447
98.899999999998656 452
98.99999999999865 452
99.099999999998644 452
99.199999999998639 456
99.299999999998633 456
99.399999999998627 460
99.499999999998622 460
99.599999999998616 463
99.69999999999861 464
99.799999999998604 464
99.899999999998599 468
99.999999999998593 468
100.09999999999859 471
100.19999999999858 471
100.29999999999858 471
100.39999999999857 473
100.49999999999856 473
100.59999999999856 475
100.69999999999855 475
100.79999999999855 476
100.89999999999854 476
100.99999999999854 476
101.09999999999853 477
101.19999999999852 477
101.29999999999852 478
101.39999999999851 478
101.49999999999851 478
101.5999999999985 479
101.6999999999985 479
101.79999999999849 480
101.89999999999849 480
101.99999999999848 480
102.09999999999847 480
102.19999999999847 480
102.29999999999846 480
102.39999999999846 480
102.49999999999845 480
102.59999999999845 480
102.69999999999844 480
102.79999999999843 480
102.89999999999843 480
102.99999999999842 480
103.09999999999842 480
103.19999999999841 480
103.29999999999841 480
103.3999999999984 480
103.49999999999839 480
103.59999999999839 480
103.69999999999838 480
103.79999999999838 480
103.89999999999837 480
103.99999999999837 480
104.09999999999836 480
104.19999999999835 480
104.29999999999835 480
104.39999999999834 481
104.49999999999834 481
104.59999999999833 481
104.69999999999833 481
104.79999999999832 481
104.89999999999831 482
104.99999999999831 482
105.0999999999983 482
105.1999999999983 483
105.29999999999829 483
105.39999999999829 485
105.49999999999828 485
105.59999999999827 486
105.69999999999827 487
105.79999999999826 487
105.89999999999826 489
105.99999999999825 489
106.09999999999825 491
106.19999999999824 491
106.29999999999824 491
106.39999999999823 494
106.49999999999822 494
106.59999999999822 498
106.69999999999821 498
106.79999999999821 499
106.8999999999982 501
106.9999999999982 501
107.09999999999819 505
107.19999999999818 505
107.29999999999818 510
107.39999999999817 510
107.49999999999817 510
107.59999999999816 516
107.69999999999816 516
107.79999999999815 522
107.89999999999814 522
107.99999999999814 525
108.09999999999813 529
108.19999999999813 529
108.29999999999812 537
108.39999999999812 537
108.49999999999811 545
108.5999999999981 545
108.6999999999981 545
108.79999999999809 554
108.89999999999809 554
108.99999999999808 563
109.09999999999808 563
109.19999999999807 568
109.29999999999806 574
109.39999999999806 574
109.49999999999805 585
109.59999999999805 585
109.69999999999804 598
109.79999999999804 598
109.89999999999803 598
109.99999999999802 611
110.09999999999802 611
110.19999999999801 625
110.29999999999801 625
110.399999999998 632
110.499999999998 640
110.59999999999799 640
110.69999999999798 656
110.79999999999798 656
110.89999999999797 674
110.99999999999797 674
111.09999999999796 674
111.19999999999796 687
111.29999999999795 687
111.39999999999795 553
111.49999999999794 553
111.59999999999793 553
111.69999999999793 554
111.79999999999792 554
111.89999999999792 566
111.99999999999791 566
112.09999999999791 579
112.1999999999979 579
112.29999999999789 579
112.39999999999789 591
112.49999999999788 591
112.59999999999788 602
112.69999999999787 602
112.79999999999787 605
112.89999999999786 612
112.99999999999785 612
113.09999999999785 621
113.19999999999784 621
113.29999999999784 630
113.39999999999783 630
113.49999999999783 630
113.59999999999782 638
113.69999999999781 638
113.79999999999781 646
113.8999999999978 646
113.9999999999978 648
114.09999999999779 652
114.19999999999779 652
114.29999999999778 658
114.39999999999777 658
114.49999999999777 663
114.59999999999776 663
114.69999999999776 663
114.79999999999775 668
114.89999999999775 668
114.99999999999774 672
115.09999999999773 672
115.19999999999773 673
115.29999999999772 676
115.39999999999772 676
115.49999999999771 679
115.59999999999771 679
115.6999999999977 682
115.79999999999769 682
115.89999999999769 682
115.99999999999768 685
116.09999999999768 685
116.19999999999767 687
116.29999999999767 687
116.39999999999766 687
116.49999999999766 688
116.59999999999765 688
116.69999999999764 689
116.79999999999764 689
116.89999999999763 690
116.99999999999763 690
117.09999999999762 690
117.19999999999762 691
117.29999999999761 691
117.3999999999976 692
117.4999999999976 692
117.59999999999759 692
117.69999999999759 692
117.79999999999758 692
117.89999999999758 692
117.99999999999757 692
118.09999999999756 692
118.19999999999756 692
118.29999999999755 692
118.39999999999755 692
118.49999999999754 692
118.59999999999754 692
118.69999999999753 692
118.79999999999752 692
118.89999999999752 692
118.99999999999751 692
119.09999999999751 692
119.1999999999975 692
119.2999999999975 692
119.39999999999749 692
119.49999999999748 692
119.59999999999748 692
119.69999999999747 692
119.79999999999747 692
119.89999999999746 692
119.99999999999746 693
120.09999999999745 693
120.19999999999744 693
120.29999999999744 693
120.39999999999743 693
120.49999999999743 694
120.59999999999742 694
120.69999999999742 694
120.79999999999741 695
120.89999999999741 695
120.9999999999974 697
121.09999999999739 697
121.19999999999739 698
121.29999999999738 698
121.39999999999738 698
121.49999999999737 700
121.59999999999737 700
121.69999999999736 703
121.79999999999735 703
121.89999999999735 703
121.99999999999734 706
122.09999999999734 706
122.19999999999733 709
122.29999999999733 709
122.39999999999732 710
122.49999999999731 713
122.59999999999731 713
122.6999999999973 717
122.7999999999973 717
122.89999999999729 722
122.99999999999729 722
123.09999999999728 722
123.19999999999727 727
123.29999999999727 727
123.39999999999726 733
123.49999999999726 733
123.59999999999725 734
123.69999999999725 740
123.79999999999724 740
123.89999999999723 748
123.99999999999723 748
124.09999999999722 755
124.19999999999722 756
124.29999999999721 756
124.39999999999721 765
124.4999999999972 765
124.59999999999719 774
124.69999999999719 774
124.79999999999718 775
124.89999999999718 785
124.99999999999717 785
125.09999999999717 796
125.19999999999716 796
125.29999999999715 807
125.39999999999715 808
125.49999999999714 808
125.59999999999714 821
125.69999999999713 821
125.79999999999713 835
125.89999999999712 835
125.99999999999712 836
126.09999999999711 850
126.1999999999971 850
126.2999999999971 687
126.39999999999709 687
126.49999999999709 687
126.59999999999708 687
126.69999999999708 687
126.79999999999707 688
126.89999999999706 688
126.99999999999706 702
127.09999999999705 702
127.19999999999705 703
127.29999999999704 568
127.39999999999704 568
127.49999999999703 568
127.59999999999702 568
127.69999999999702 569
127.79999999999701 570
127.89999999999701 570
127.999999999997 577
128.09999999999701 577
128.199999999997 585
128.299999999997 585
128.39999999999699 585
128.49999999999699 592
128.59999999999698 592
128.69999999999698 599
128.79999999999697 599
128.89999999999696 604
128.99999999999696 605
129.09999999999695 605
129.19999999999695 610
129.29999999999694 610
129.39999999999694 615
129.49999999999693 615
129.59999999999692 615
129.69999999999692 619
129.79999999999691 619
129.89999999999691 623
129.9999999999969 623
130.0999999999969 626
130.19999999999689 626
130.29999999999688 626
130.39999999999688 629
130.49999999999687 629
130.59999999999687 631
130.69999999999686 631
130.79999999999686 631
130.89999999999685 633
130.99999999999685 633
131.09999999999684 635
131.19999999999683 635
131.29999999999683 636
131.39999999999682 636
131.49999999999682 636
131.59999999999681 637
131.69999999999681 637
131.7999999999968 638
131.89999999999679 638
131.99999999999679 638
132.09999999999678 639
132.19999999999678 639
132.29999999999677 639
132.39999999999677 639
132.49999999999676 639
132.59999999999675 639
132.69999999999675 639
132.79999999999674 639
132.89999999999674 639
132.99999999999673 639
133.09999999999673 639
133.19999999999672 639
133.29999999999671 639
133.39999999999671 639
133.4999999999967 639
133.5999999999967 639
133.69999999999669 639
133.79999999999669 639
133.89999999999668 639
133.99999999999667 639
134.09999999999667 639
134.19999999999666 639
134.29999999999666 639
134.39999999999665 639
134.49999999999665 639
134.59999999999664 639
134.69999999999663 640
134.79999999999663 640
134.89999999999662 640
134.99999999999662 640
135.09999999999661 640
135.19999999999661 641
135.2999999999966 641
135.3999999999966 642
135.49999999999659 642
135.59999999999658 642
135.69999999999658 644
135.79999999999657 644
135.89999999999657 645
135.99999999999656 645
136.09999999999656 647
136.19999999999655 647
136.29999999999654 647
136.39999999999654 650
136.49999999999653 650
136.59999999999653 653
136.69999999999652 653
136.79999999999652 653
136.89999999999651 656
136.9999999999965 656
137.0999999999965 660
137.19999999999649 660
137.29999999999649 663
137.39999999999648 663
137.49999999999648 663
137.59999999999647 668
137.69999999999646 668
137.79999999999646 674
137.89999999999645 674
137.99999999999645 674
138.09999999999644 680
138.19999999999644 680
138.29999999999643 687
138.39999999999642 687
138.49999999999642 693
138.59999999999641 694
138.69999999999641 694
138.7999999999964 702
138.8999999999964 702
138.99999999999639 711
139.09999999999638 711
139.19999999999638 711
139.29999999999637 721
139.39999999999637 721
139.49999999999636 731
139.59999999999636 731
139.69999999999635 719
139.79999999999634 610
139.89999999999634 610
139.99999999999633 591
140.09999999999633 591
140.19999999999632 592
140.29999999999632 592
140.39999999999631 592
140.49999999999631 605
140.5999999999963 605
140.69999999999629 491
140.79999999999629 491
140.89999999999628 491
140.99999999999628 491
141.09999999999627 491
141.19999999999627 492
141.29999999999626 492
141.39999999999625 499
141.49999999999625 499
141.59999999999624 499
141.69999999999624 506
141.79999999999623 506
141.89999999999623 513
141.99999999999622 513
142.09999999999621 519
142.19999999999621 519
142.2999999999962 519
142.3999999999962 524
142.49999999999619 524
142.59999999999619 529
142.69999999999618 529
142.79999999999617 529
142.89999999999617 533
142.99999999999616 533
143.09999999999616 537
143.19999999999615 537
143.29999999999615 540
143.39999999999614 540
143.49999999999613 540
143.59999999999613 543
143.69999999999612 543
143.79999999999612 546
143.89999999999611 546
143.99999999999611 546
144.0999999999961 547
144.19999999999609 547
144.29999999999609 549
144.39999999999608 549
144.49999999999608 550
144.59999999999607 550
144.69999999999607 550
144.79999999999606 551
144.89999999999606 551
144.99999999999605 552
145.09999999999604 552
145.19999999999604 552
145.29999999999603 553
145.39999999999603 553
145.49999999999602 553
145.59999999999602 553
145.69999999999601 553
145.799999999996 553
145.899999999996 553
145.99999999999599 553
146.09999999999599 553
146.19999999999598 553
146.29999999999598 553
146.39999999999597 553
146.49999999999596 553
146.59999999999596 553
146.69999999999595 553
146.79999999999595 553
146.89999999999594 553
146.99999999999594 553
147.09999999999593 553
147.19999999999592 553
147.29999999999592 553
147.39999999999591 553
147.49999999999591 553
147.5999999999959 553
147.6999999999959 553
147.79999999999589 553
147.89999999999588 554
147.99999999999588 554
148.09999999999587 554
148.19999999999587 554
148.29999999999586 554
148.39999999999586 555
148.49999999999585 555
148.59999999999584 556
148.69999999999584 556
148.79999999999583 556
148.89999999999583 558
148.99999999999582 558
149.09999999999582 559
149.19999999999581 559
149.2999999999958 561
149.3999999999958 561
149.49999999999579 561
149.59999999999579 564
149.69999999999578 564
149.79999999999578 567
149.89999999999577 567
149.99999999999577 567
150.09999999999576 570
150.19999999999575 570
150.29999999999575 574
150.39999999999574 574
150.49999999999574 577
150.59999999999573 577
150.69999999999573 577
150.79999999999572 582
150.89999999999571 582
150.99999999999571 588
151.0999999999957 588
151.1999999999957 588
151.29999999999569 594
151.39999999999569 594
151.49999999999568 601
151.59999999999567 601
151.69999999999567 607
151.79999999999566 608
151.89999999999566 608
151.99999999999565 616
152.09999999999565 616
152.19999999999564 625
152.29999999999563 625
152.39999999999563 625
152.49999999999562 585
152.59999999999562 585
152.69999999999561 507
152.79999999999561 507
152.8999999999956 507
152.99999999999559 508
153.09999999999559 508
153.19999999999558 519
153.29999999999558 519
153.39999999999557 531
153.49999999999557 531
153.59999999999556 531
153.69999999999555 542
153.79999999999555 542
153.89999999999554 553
153.99999999999554 553
154.09999999999553 561
154.19999999999553 562
154.29999999999552 562
154.39999999999552 571
154.49999999999551 571
154.5999999999955 579
154.6999999999955 579
154.79999999999549 579
154.89999999999549 587
154.99999999999548 587
155.09999999999548 593
155.19999999999547 593
155.29999999999546 598
155.39999999999546 599
155.49999999999545 599
155.59999999999545 605
155.69999999999544 605
155.79999999999544 609
155.89999999999543 609
155.99999999999542 609
156.09999999999542 613
156.19999999999541 613
156.29999999999541 617
156.3999999999954 617
156.4999999999954 620
156.59999999999539 621
156.69999999999538 621
156.79999999999538 624
156.89999999999537 624
156.99999999999537 626
157.09999999999536 626
157.19999999999536 626
157.29999999999535 628
157.39999999999534 628
157.49999999999534 630
157.59999999999533 630
157.69999999999533 631
157.79999999999532 631
157.89999999999532 631
157.99999999999531 632
158.0999999999953 632
158.1999999999953 633
158.29999999999529 633
158.39999999999529 633
158.49999999999528 634
158.59999999999528 634
158.69999999999527 634
158.79999999999526 634
158.89999999999526 634
158.99999999999525 634
159.09999999999525 634
159.19999999999524 634
159.29999999999524 634
159.39999999999523 634
159.49999999999523 634
159.59999999999522 634
159.69999999999521 634
159.79999999999521 634
159.8999999999952 634
159.9999999999952 634
160.09999999999519 634
160.19999999999519 634
160.29999999999518 634
160.39999999999517 634
160.49999999999517 634
160.59999999999516 634
160.69999999999516 634
160.79999999999515 634
160.89999999999515 634
160.99999999999514 634
161.09999999999513 634
161.19999999999513 634
161.29999999999512 635
161.39999999999512 635
161.49999999999511 635
161.59999999999511 636
161.6999999999951 636
161.79999999999509 637
161.89999999999509 637
161.99999999999508 637
162.09999999999508 638
162.19999999999507 638
162.29999999999507 640
162.39999999999506 640
162.49999999999505 641
162.59999999999505 642
162.69999999999504 642
162.79999999999504 645
162.89999999999503 645
162.99999999999503 647
163.09999999999502 647
163.19999999999501 647
163.29999999999501 651
163.399999999995 651
163.499999999995 654
163.59999999999499 654
163.69999999999499 657
163.79999999999498 658
163.89999999999498 658
163.99999999999497 663
164.09999999999496 663
164.19999999999496 668
164.29999999999495 668
164.39999999999495 668
164.49999999999494 674
164.59999999999494 674
164.69999999999493 681
164.79999999999492 681
164.89999999999492 686
164.99999999999491 689
165.09999999999491 689
165.1999999999949 697
165.2999999999949 697
165.39999999999489 706
165.49999999999488 706
165.59999999999488 706
165.69999999999487 715
165.79999999999487 715
165.89999999999486 694
165.99999999999486 694
166.09999999999485 579
166.19999999999484 579
166.29999999999484 579
166.39999999999483 580
166.49999999999483 580
166.59999999999482 592
166.69999999999482 592
166.79999999999481 592
166.8999999999948 606
166.9999999999948 606
167.09999999999479 618
167.19999999999479 618
167.29999999999478 623
167.39999999999478 629
167.49999999999477 629
167.59999999999476 640
167.69999999999476 640
167.79999999999475 650
167.89999999999475 650
167.99999999999474 650
168.09999999999474 659
168.19999999999473 659
168.29999999999472 668
168.39999999999472 668
168.49999999999471 671
168.59999999999471 675
168.6999999999947 675
168.7999999999947 682
168.89999999999469 682
168.99999999999469 688
169.09999999999468 688
169.19999999999467 688
169.29999999999467 694
169.39999999999466 694
169.49999999999466 699
169.59999999999465 699
169.69999999999465 701
169.79999999999464 703
169.89999999999463 703
169.99999999999463 707
170.09999999999462 707
170.19999999999462 711
170.29999999999461 711
170.39999999999461 711
170.4999999999946 714
170.59999999999459 714
170.69999999999459 717
170.79999999999458 717
170.89999999999458 718
170.99999999999457 719
171.09999999999457 719
171.19999999999456 720
171.29999999999455 720
171.39999999999455 722
171.49999999999454 722
171.59999999999454 722
171.69999999999453 723
171.79999999999453 723
171.89999999999452 724
171.99999999999451 724
172.09999999999451 724
172.1999999999945 724
172.2999999999945 724
172.39999999999449 725
172.49999999999449 725
172.59999999999448 725
172.69999999999447 725
172.79999999999447 725
172.89999999999446 725
172.99999999999446 725
173.09999999999445 725
173.19999999999445 725
173.29999999999444 725
173.39999999999444 725
173.49999999999443 725
173.59999999999442 725
173.69999999999442 725
173.79999999999441 725
173.89999999999441 725
173.9999999999944 725
174.0999999999944 725
174.19999999999439 725
174.29999999999438 725
174.39999999999438 725
174.49999999999437 725
174.59999999999437 725
174.69999999999436 725
174.79999999999436 725
174.89999999999435 725
174.99999999999434 726
175.09999999999434 726
175.19999999999433 726
175.29999999999433 727
175.39999999999432 727
175.49999999999432 728
175.59999999999431 728
175.6999999999943 729
175.7999999999943 729
175.89999999999429 729
175.99999999999429 730
176.09999999999428 730
176.19999999999428 732
176.29999999999427 732
176.39999999999426 732
176.49999999999426 735
176.59999999999425 735
176.69999999999425 737
176.79999999999424 737
176.89999999999424 739
176.99999999999423 741
177.09999999999422 741
177.19999999999422 744
177.29999999999421 744
177.39999999999421 748
177.4999999999942 748
177.5999999999942 748
177.69999999999419 752
177.79999999999418 752
177.89999999999418 757
177.99999999999417 757
178.09999999999417 759
178.19999999999416 763
178.29999999999416 763
178.39999999999415 770
178.49999999999415 770
178.59999999999414 777
178.69999999999413 777
178.79999999999413 777
178.89999999999412 785
178.99999999999412 785
179.09999999999411 793
179.19999999999411 793
179.2999999999941 796
179.39999999999409 802
179.49999999999409 802
179.59999999999408 812
179.69999999999408 812
179.79999999999407 823
179.89999999999407 823
179.99999999999406 823
180.09999999999405 835
180.19999999999405 835
180.29999999999404 727
180.39999999999404 727
180.49999999999403 676
180.59999999999403 676
180.69999999999402 676
180.79999999999401 677
180.89999999999401 677
180.999999999994 690
181.099999999994 691
181.19999999999399 691
181.29999999999399 588
181.39999999999398 588
181.49999999999397 562
181.59999999999397 562
181.69999999999396 562
181.79999999999396 563
181.89999999999395 563
181.99999999999395 571
182.09999999999394 571
182.19999999999393 579
182.29999999999393 579
182.39999999999392 579
182.49999999999392 586
182.59999999999391 586
182.69999999999391 592
182.7999999999939 592
182.8999999999939 593
182.99999999999389 598
183.09999999999388 598
183.19999999999388 603
183.29999999999387 603
183.39999999999387 608
183.49999999999386 608
183.59999999999386 608
183.69999999999385 612
183.79999999999384 612
183.89999999999384 616
183.99999999999383 616
184.09999999999383 617
184.19999999999382 620
184.29999999999382 620
184.39999999999381 622
184.4999999999938 622
184.5999999999938 625
184.69999999999379 625
184.79999999999379 625
184.89999999999378 627
184.99999999999378 627
185.09999999999377 628
185.19999999999376 628
185.29999999999376 629
185.39999999999375 629
185.49999999999375 629
185.59999999999374 630
185.69999999999374 630
185.79999999999373 631
185.89999999999372 631
185.99999999999372 631
186.09999999999371 632
186.19999999999371 632
186.2999999999937 632
186.3999999999937 632
186.49999999999369 632
186.59999999999368 632
186.69999999999368 632
186.79999999999367 632
186.89999999999367 632
186.99999999999366 632
187.09999999999366 632
187.19999999999365 632
187.29999999999364 632
187.39999999999364 632
187.49999999999363 632
187.59999999999363 632
187.69999999999362 632
187.79999999999362 632
187.89999999999361 632
187.99999999999361 632
188.0999999999936 632
188.19999999999359 632
188.29999999999359 632
188.39999999999358 632
188.49999999999358 632
188.59999999999357 632
188.69999999999357 633
188.79999999999356 633
188.89999999999355 633
188.99999999999355 633
189.09999999999354 633
189.19999999999354 634
189.29999999999353 634
189.39999999999353 635
189.49999999999352 635
189.59999999999351 635
189.69999999999351 637
189.7999999999935 637
189.8999999999935 638
189.99999999999349 638
190.09999999999349 639
190.19999999999348 641
190.29999999999347 641
190.39999999999347 643
190.49999999999346 643
190.59999999999346 646
190.69999999999345 646
190.79999999999345 646
190.89999999999344 649
190.99999999999343 649
191.09999999999343 653
191.19999999999342 653
191.29999999999342 653
191.39999999999341 657
191.49999999999341 657
191.5999999999934 662
191.69999999999339 662
191.79999999999339 667
191.89999999999338 667
191.99999999999338 667
192.09999999999337 674
192.19999999999337 674
192.29999999999336 680
192.39999999999336 680
192.49999999999335 680
192.59999999999334 688
192.69999999999334 688
192.79999999999333 696
192.89999999999333 696
192.99999999999332 704
193.09999999999332 705
193.19999999999331 705
193.2999999999933 714
193.3999999999933 714
193.49999999999329 725
193.59999999999329 725
193.69999999999328 725
193.79999999999328 688
193.89999999999327 688
193.99999999999326 589
194.09999999999326 589
194.19999999999325 601
194.29999999999325 602
194.39999999999324 602
194.49999999999324 615
194.59999999999323 615
194.69999999999322 627
194.79999999999322 627
194.89999999999321 627
194.99999999999321 639
195.0999999999932 639
195.1999999999932 650
195.29999999999319 650
195.39999999999318 659
195.49999999999318 660
195.59999999999317 660
195.69999999999317 669
195.79999999999316 669
195.89999999999316 678
195.99999999999315 678
196.09999999999314 678
196.19999999999314 685
196.29999999999313 685
196.39999999999313 692
196.49999999999312 692
196.59999999999312 698
196.69999999999311 698
196.7999999999931 698
196.8999999999931 704
196.99999999999309 704
197.09999999999309 709
197.19999999999308 709
197.29999999999308 709
197.39999999999307 713
197.49999999999307 713
197.59999999999306 717
197.69999999999305 717
197.79999999999305 721
197.89999999999304 721
197.99999999999304 721
198.09999999999303 725
198.19999999999303 725
198.29999999999302 727
198.39999999999301 727
198.49999999999301 727
198.599999999993 729
198.699999999993 729
198.79999999999299 731
198.89999999999299 731
198.99999999999298 733
199.09999999999297 733
199.19999999999297 733
199.29999999999296 734
199.39999999999296 734
199.49999999999295 735
199.59999999999295 735
199.69999999999294 735
199.79999999999293 735
199.89999999999293 735
199.99999999999292 736
200.09999999999292 736
200.19999999999291 736
200.29999999999291 736
200.3999999999929 736
200.49999999999289 736
200.59999999999289 736
200.69999999999288 736
200.79999999999288 736
200.89999999999287 736
200.99999999999287 736
201.09999999999286 736
201.19999999999285 736
201.29999999999285 736
201.39999999999284 736
201.49999999999284 736
201.59999999999283 736
201.69999999999283 736
201.79999999999282 736
201.89999999999281 736
201.99999999999281 736
202.0999999999928 736
202.1999999999928 736
202.29999999999279 736
202.39999999999279 736
202.49999999999278 736
202.59999999999278 737
202.69999999999277 737
202.79999999999276 737
202.89999999999276 737
202.99999999999275 737
203.09999999999275 738
203.19999999999274 738
203.29999999999274 738
203.39999999999273 740
203.49999999999272 740
203.59999999999272 741
203.69999999999271 741
203.79999999999271 743
203.8999999999927 743
203.9999999999927 743
204.09999999999269 745
204.19999999999268 745
204.29999999999268 748
204.39999999999267 748
204.49999999999267 748
204.59999999999266 751
204.69999999999266 751
204.79999999999265 755
204.89999999999264 755
204.99999999999264 758
205.09999999999263 758
205.19999999999263 758
205.29999999999262 763
205.39999999999262 763
205.49999999999261 768
205.5999999999926 768
205.6999999999926 768
205.79999999999259 774
205.89999999999259 774
205.99999999999258 780
206.09999999999258 780
206.19999999999257 786
206.29999999999256 787
206.39999999999256 787
206.49999999999255 795
206.59999999999255 795
206.69999999999254 803
206.79999999999254 803
206.89999999999253 803
206.99999999999253 812
207.09999999999252 812
207.19999999999251 822
207.29999999999251 822
207.3999999999925 830
207.4999999999925 833
207.59999999999249 833
207.69999999999249 845
207.79999999999248 845
207.89999999999247 857
207.99999999999247 857
208.09999999999246 857
208.19999999999246 871
208.29999999999245 871
208.39999999999245 885
208.49999999999244 885
208.59999999999243 897
208.69999999999243 901
208.79999999999242 901
208.89999999999242 794
208.99999999999241 794
209.09999999999241 731
209.1999999999924 731
209.29999999999239 731
209.39999999999239 732
209.49999999999238 732
209.59999999999238 746
209.69999999999237 746
209.79999999999237 758
209.89999999999236 625
209.99999999999235 625
210.09999999999235 607
210.19999999999234 607
210.29999999999234 608
210.39999999999233 608
210.49999999999233 608
210.59999999999232 616
210.69999999999231 616
210.79999999999231 625
210.8999999999923 625
210.9999999999923 631
211.09999999999229 632
211.19999999999229 632
211.29999999999228 639
211.39999999999227 639
211.49999999999227 645
211.59999999999226 645
211.69999999999226 645
211.79999999999225 651
211.89999999999225 651
211.99999999999224 656
212.09999999999224 656
212.19999999999223 660
212.29999999999222 660
212.39999999999222 660
212.49999999999221 664
212.59999999999221 664
212.6999999999922 668
212.7999999999922 668
212.89999999999219 668
212.99999999999218 672
213.09999999999218 672
213.19999999999217 674
213.29999999999217 674
213.39999999999216 676
213.49999999999216 676
213.59999999999215 676
213.69999999999214 678
213.79999999999214 678
213.89999999999213 680
213.99999999999213 680
214.09999999999212 680
214.19999999999212 681
214.29999999999211 681
214.3999999999921 682
214.4999999999921 682
214.59999999999209 682
214.69999999999209 682
214.79999999999208 682
214.89999999999208 683
214.99999999999207 683
215.09999999999206 683
215.19999999999206 683
215.29999999999205 683
215.39999999999205 683
215.49999999999204 683
215.59999999999204 683
215.69999999999203 683
215.79999999999202 683
215.89999999999202 683
215.99999999999201 683
216.09999999999201 683
216.199999999992 683
216.299999999992 683
216.39999999999199 683
216.49999999999199 683
216.59999999999198 683
216.69999999999197 683
216.79999999999197 683
216.89999999999196 683
216.99999999999196 683
217.09999999999195 683
217.19999999999195 683
217.29999999999194 683
217.39999999999193 683
217.49999999999193 684
217.59999999999192 684
217.69999999999192 684
217.79999999999191 684
217.89999999999191 684
217.9999999999919 685
218.09999999999189 685
218.19999999999189 686
218.29999999999188 687
218.39999999999188 687
218.49999999999187 688
218.59999999999187 688
218.69999999999186 690
218.79999999999185 690
218.89999999999185 690
218.99999999999184 692
219.09999999999184 692
219.19999999999183 695
219.29999999999183 695
219.39999999999182 697
219.49999999999181 698
219.59999999999181 698
219.6999999999918 702
219.7999999999918 702
219.89999999999179 705
219.99999999999179 705
220.09999999999178 705
220.19999999999177 709
220.29999999999177 709
220.39999999999176 715
220.49999999999176 715
220.59999999999175 719
220.69999999999175 720
220.79999999999174 720
220.89999999999173 727
220.99999999999173 727
221.09999999999172 734
221.19999999999172 734
221.29999999999171 734
221.39999999999171 742
221.4999999999917 742
221.5999999999917 750
221.69999999999169 750
221.79999999999168 756
221.89999999999168 759
221.99999999999167 759
222.09999999999167 769
222.19999999999166 769
222.29999999999166 780
222.39999999999165 780
222.49999999999164 780
222.59999999999164 792
222.69999999999163 792
222.79999999999163 804
222.89999999999162 804
222.99999999999162 812
223.09999999999161 778
223.1999999999916 778
223.2999999999916 653
223.39999999999159 653
223.49999999999159 654
223.59999999999158 654
223.69999999999158 654
223.79999999999157 667
223.89999999999156 667
223.99999999999156 681
224.09999999999155 681
224.19999999999155 688
224.29999999999154 640
224.39999999999154 640
224.49999999999153 556
224.59999999999152 556
224.69999999999152 564
224.79999999999151 564
224.89999999999151 564
224.9999999999915 571
225.0999999999915 571
225.19999999999149 578
225.29999999999148 578
225.39999999999148 581
225.49999999999147 585
225.59999999999147 585
225.69999999999146 591
225.79999999999146 591
225.89999999999145 596
225.99999999999145 596
226.09999999999144 596
226.19999999999143 600
226.29999999999143 600
226.39999999999142 604
226.49999999999142 604
226.59999999999141 606
226.69999999999141 608
226.7999999999914 608
226.89999999999139 612
226.99999999999139 612
227.09999999999138 615
227.19999999999138 615
227.29999999999137 615
227.39999999999137 617
227.49999999999136 617
227.59999999999135 619
227.69999999999135 619
227.79999999999134 620
227.89999999999134 620
227.99999999999133 620
228.09999999999133 621
228.19999999999132 621
228.29999999999131 622
228.39999999999131 622
228.4999999999913 622
228.5999999999913 623
228.69999999999129 623
228.79999999999129 624
228.89999999999128 624
228.99999999999127 624
229.09999999999127 624
229.19999999999126 624
229.29999999999126 624
229.39999999999125 624
229.49999999999125 624
229.59999999999124 624
229.69999999999123 624
229.79999999999123 624
229.89999999999122 624
229.99999999999122 624
230.09999999999121 624
230.19999999999121 624
230.2999999999912 624
230.39999999999119 624
230.49999999999119 624
230.59999999999118 624
230.69999999999118 624
230.79999999999117 624
230.89999999999117 624
230.99999999999116 624
231.09999999999116 624
231.19999999999115 624
231.29999999999114 624
231.39999999999114 625
231.49999999999113 625
231.59999999999113 625
231.69999999999112 625
231.79999999999112 625
231.89999999999111 626
231.9999999999911 626
232.0999999999911 626
232.19999999999109 627
232.29999999999109 627
232.39999999999108 629
232.49999999999108 629
232.59999999999107 630
232.69999999999106 631
232.79999999999106 631
232.89999999999105 633
232.99999999999105 633
233.09999999999104 635
233.19999999999104 635
233.29999999999103 635
233.39999999999102 638
233.49999999999102 638
233.59999999999101 642
233.69999999999101 642
233.799999999991 643
233.899999999991 645
233.99999999999099 645
234.09999999999098 649
234.19999999999098 649
234.29999999999097 654
234.39999999999097 654
234.49999999999096 654
234.59999999999096 660
234.69999999999095 660
234.79999999999094 666
234.89999999999094 666
234.99999999999093 668
235.09999999999093 673
235.19999999999092 673
235.29999999999092 681
235.39999999999091 681
235.49999999999091 689
235.5999999999909 689
235.69999999999089 689
235.79999999999089 698
235.89999999999088 698
235.99999999999088 707
236.09999999999087 707
236.19999999999087 710
236.29999999999086 718
236.39999999999085 718
236.49999999999085 730
236.59999999999084 730
236.69999999999084 742
236.79999999999083 742
236.89999999999083 742
236.99999999999082 755
237.09999999999081 755
237.19999999999081 769
237.2999999999908 769
237.3999999999908 774
237.49999999999079 785
237.59999999999079 785
237.69999999999078 750
237.79999999999077 750
237.89999999999077 639
237.99999999999076 639
238.09999999999076 639
238.19999999999075 640
238.29999999999075 640
238.39999999999074 653
238.49999999999073 653
238.59999999999073 656
238.69999999999072 667
238.79999999999072 667
238.89999999999071 639
238.99999999999071 639
239.0999999999907 544
239.19999999999069 544
239.29999999999069 544
239.39999999999068 552
239.49999999999068 552
239.59999999999067 559
239.69999999999067 559
239.79999999999066 560
239.89999999999065 566
239.99999999999065 566
240.09999999999064 573
240.19999999999064 573
240.29999999999063 578
240.39999999999063 578
240.49999999999062 578
240.59999999999062 583
240.69999999999061 583
240.7999999999906 588
240.8999999999906 588
240.99999999999059 589
241.09999999999059 592
241.19999999999058 592
241.29999999999058 596
241.39999999999057 596
241.49999999999056 599
241.59999999999056 599
241.69999999999055 599
241.79999999999055 602
241.89999999999054 602
241.99999999999054 604
242.09999999999053 604
242.19999999999052 605
242.29999999999052 606
242.39999999999051 606
242.49999999999051 607
242.5999999999905 607
242.6999999999905 609
242.79999999999049 609
242.89999999999048 609
242.99999999999048 610
243.09999999999047 610
243.19999999999047 610
243.29999999999046 610
243.39999999999046 611
243.49999999999045 611
243.59999999999044 611
243.69999999999044 611
243.79999999999043 611
243.89999999999043 611
243.99999999999042 611
244.09999999999042 611
244.19999999999041 611
244.2999999999904 611
244.3999999999904 611
244.49999999999039 611
244.59999999999039 611
244.69999999999038 611
244.79999999999038 611
244.89999999999037 611
244.99999999999037 611
245.09999999999036 611
245.19999999999035 611
245.29999999999035 611
245.39999999999034 611
245.49999999999034 611
245.59999999999033 611
245.69999999999033 611
245.79999999999032 611
245.89999999999031 611
245.99999999999031 611
246.0999999999903 612
246.1999999999903 612
246.29999999999029 612
246.39999999999029 612
246.49999999999028 612
246.59999999999027 613
246.69999999999027 613
246.79999999999026 614
246.89999999999026 614
246.99999999999025 615
247.09999999999025 616
247.19999999999024 616
247.29999999999023 618
247.39999999999023 618
247.49999999999022 620
247.59999999999022 620
247.69999999999021 620
247.79999999999021 623
247.8999999999902 623
247.99999999999019 626
248.09999999999019 626
248.19999999999018 627
248.29999999999018 629
248.39999999999017 629
248.49999999999017 633
248.59999999999016 633
248.69999999999015 637
248.79999999999015 637
248.89999999999014 637
248.99999999999014 642
249.09999999999013 642
249.19999999999013 648
249.29999999999012 648
249.39999999999011 649
249.49999999999011 654
249.5999999999901 654
249.6999999999901 661
249.79999999999009 661
249.89999999999009 668
249.99999999999008 669
250.09999999999008 669
250.19999999999007 677
250.29999999999006 677
250.39999999999006 686
250.49999999999005 686
250.59999999999005 688
250.69999999999004 696
250.79999999999004 696
250.89999999999003 707
250.99999999999002 707
251.09999999999002 716
251.19999999999001 718
251.29999999999001 718
251.39999999999 731
251.49999999999 731
251.59999999998999 744
251.69999999998998 744
251.79999999998998 746
251.89999999998997 758
251.99999999998997 758
252.09999999998996 774
252.19999999998996 774
252.29999999998995 787
252.39999999998994 790
252.49999999998994 790
252.59999999998993 631
252.69999999998993 631
252.79999999998992 632
252.89999999998992 632
252.99999999998991 633
253.0999999999899 645
253.1999999999899 645
253.29999999998989 659
253.39999999998989 659
253.49999999998988 669
253.59999999998988 672
253.69999999998987 672
253.79999999998986 684
253.89999999998986 684
253.99999999998985 696
254.09999999998985 696
254.19999999998984 697
254.29999999998984 706
254.39999999998983 706
254.49999999998983 716
254.59999999998982 716
254.69999999998981 723
254.79999999998981 725
254.8999999999898 725
254.9999999999898 734
255.09999999998979 734
255.19999999998979 741
255.29999999998978 741
255.39999999998977 741
255.49999999998977 748
255.59999999998976 748
255.69999999998976 754
255.79999999998975 754
255.89999999998975 758
255.99999999998974 759
256.09999999998973 759
256.19999999998976 764
256.29999999998978 764
256.3999999999898 769
256.49999999998983 769
256.59999999998985 769
256.69999999998987 773
256.79999999998989 773
256.89999999998992 776
256.99999999998994 776
257.09999999998996 778
257.19999999998998 779
257.29999999999001 779
257.39999999999003 782
257.49999999999005 782
257.59999999999008 784
257.6999999999901 784
257.79999999999012 784
257.89999999999014 786
257.99999999999017 786
258.09999999999019 787
258.19999999999021 787
258.29999999999023 788
258.39999999999026 788
258.49999999999028 788
258.5999999999903 789
258.69999999999033 789
258.79999999999035 789
258.89999999999037 789
258.99999999999039 789
259.09999999999042 790
259.19999999999044 790
259.29999999999046 790
259.39999999999048 790
259.49999999999051 790
259.59999999999053 790
259.69999999999055 790
259.79999999999058 790
259.8999999999906 790
259.99999999999062 790
260.09999999999064 790
260.19999999999067 790
260.29999999999069 790
260.39999999999071 790
260.49999999999073 790
260.59999999999076 790
260.69999999999078 790
260.7999999999908 790
260.89999999999083 790
260.99999999999085 790
261.09999999999087 790
261.19999999999089 790
261.29999999999092 790
261.39999999999094 790
261.49999999999096 790
261.59999999999098 790
261.69999999999101 791
261.79999999999103 791
261.89999999999105 792
261.99999999999108 792
262.0999999999911 792
262.19999999999112 793
262.29999999999114 793
262.39999999999117 794
262.49999999999119 794
262.59999999999121 794
262.69999999999123 796
262.79999999999126 796
262.89999999999128 798
262.9999999999913 798
263.09999999999133 799
263.19999999999135 800
263.29999999999137 800
263.39999999999139 803
263.49999999999142 803
263.59999999999144 806
263.69999999999146 806
263.79999999999148 806
263.89999999999151 809
263.99999999999153 809
264.09999999999155 813
264.19999999999158 813
264.2999999999916 816
264.39999999999162 818
264.49999999999164 818
264.59999999999167 823
264.69999999999169 823
264.79999999999171 829
264.89999999999173 829
264.99999999999176 829
265.09999999999178 836
265.1999999999918 836
265.29999999999183 843
265.39999999999185 843
265.49999999999187 848
265.59999999999189 851
265.69999999999192 851
265.79999999999194 859
265.89999999999196 859
265.99999999999199 868
266.09999999999201 868
266.19999999999203 868
266.29999999999205 879
266.39999999999208 879
266.4999999999921 890
266.59999999999212 890
266.69999999999214 897
266.79999999999217 902
266.89999999999219 902
266.99999999999221 915
267.09999999999224 915
267.19999999999226 928
267.29999999999228 928
267.3999999999923 928
267.49999999999233 943
267.59999999999235 943
267.69999999999237 959
267.79999999999239 959
267.89999999999242 969
267.99999999999244 976
268.09999999999246 976
268.19999999999249 993
268.29999999999251 993
268.39999999999253 1012
268.49999999999255 1012
268.59999999999258 1012
268.6999999999926 1032
268.79999999999262 1032
268.89999999999264 1012
268.99999999999267 1012
269.09999999999269 842
269.19999999999271 842
269.29999999999274 842
269.39999999999276 843
269.49999999999278 843
269.5999999999928 859
269.69999999999283 859
269.79999999999285 859
269.89999999999287 875
269.99999999999289 875
270.09999999999292 796
270.19999999999294 796
270.29999999999296 711
270.39999999999299 711
270.49999999999301 711
270.59999999999303 712
270.69999999999305 712
270.79999999999308 721
270.8999999999931 721
270.99999999999312 721
271.09999999999314 730
271.19999999999317 730
271.29999999999319 739
271.39999999999321 739
271.49999999999324 742
271.59999999999326 747
271.69999999999328 747
271.7999999999933 754
271.89999999999333 754
271.99999999999335 760
272.09999999999337 760
272.19999999999339 760
272.29999999999342 766
272.39999999999344 766
272.49999999999346 772
272.59999999999349 772
272.69999999999351 774
272.79999999999353 776
272.89999999999355 776
272.99999999999358 780
273.0999999999936 780
273.19999999999362 784
273.29999999999364 784
273.39999999999367 784
273.49999999999369 788
273.59999999999371 788
273.69999999999374 790
273.79999999999376 790
273.89999999999378 791
273.9999999999938 793
274.09999999999383 793
274.19999999999385 795
274.29999999999387 795
274.3999999999939 796
274.49999999999392 796
274.59999999999394 796
274.69999999999396 798
274.79999999999399 798
274.89999999999401 798
274.99999999999403 798
275.09999999999405 799
275.19999999999408 799
275.2999999999941 799
275.39999999999412 800
275.49999999999415 800
275.59999999999417 800
275.69999999999419 800
275.79999999999421 800
275.89999999999424 800
275.99999999999426 800
276.09999999999428 800
276.1999999999943 800
276.29999999999433 800
276.39999999999435 800
276.49999999999437 800
276.5999999999944 800
276.69999999999442 800
276.79999999999444 800
276.89999999999446 800
276.99999999999449 800
277.09999999999451 800
277.19999999999453 800
277.29999999999455 800
277.39999999999458 800
277.4999999999946 800
277.59999999999462 800
277.69999999999465 800
277.79999999999467 800
277.89999999999469 800
277.99999999999471 801
278.09999999999474 801
278.19999999999476 801
278.29999999999478 801
278.3999999999948 801
278.49999999999483 802
278.59999999999485 802
278.69999999999487 803
278.7999999999949 803
278.89999999999492 803
278.99999999999494 805
279.09999999999496 805
279.19999999999499 806
279.29999999999501 807
279.39999999999503 807
279.49999999999505 809
279.59999999999508 809
279.6999999999951 811
279.79999999999512 811
279.89999999999515 812
279.99999999999517 814
280.09999999999519 814
280.19999999999521 817
280.29999999999524 817
280.39999999999526 820
280.49999999999528 821
280.5999999999953 821
280.69999999999533 825
280.79999999999535 825
280.89999999999537 830
280.9999999999954 830
281.09999999999542 832
281.19999999999544 836
281.29999999999546 836
281.39999999999549 842
281.49999999999551 842
281.59999999999553 848
281.69999999999555 849
281.79999999999558 849
281.8999999999956 856
281.99999999999562 856
282.09999999999565 864
282.19999999999567 864
282.29999999999569 867
282.39999999999571 873
282.49999999999574 873
282.59999999999576 883
282.69999999999578 883
282.7999999999958 893
282.89999999999583 893
282.99999999999585 893
283.09999999999587 905
283.1999999999959 905
283.29999999999592 917
283.39999999999594 917
283.49999999999596 921
283.59999999999599 930
283.69999999999601 930
283.79999999999603 944
283.89999999999606 944
283.99999999999608 958
284.0999999999961 903
284.19999999999612 903
284.29999999999615 768
284.39999999999617 768
284.49999999999619 782
284.59999999999621 782
284.69999999999624 785
284.79999999999626 738
284.89999999999628 738
284.99999999999631 637
285.09999999999633 637
285.19999999999635 638
285.29999999999637 638
285.3999999999964 638
285.49999999999642 647
285.59999999999644 647
285.69999999999646 655
285.79999999999649 655
285.89999999999651 656
285.99999999999653 663
286.09999999999656 663
286.19999999999658 670
286.2999999999966 670
286.39999999999662 676
286.49999999999665 677
286.59999999999667 677
286.69999999999669 683
286.79999999999671 683
286.89999999999674 688
286.99999999999676 688
287.09999999999678 689
287.19999999999681 693
287.29999999999683 693
287.39999999999685 697
287.49999999999687 697
287.5999999999969 700
287.69999999999692 701
287.79999999999694 701
287.89999999999696 704
287.99999999999699 704
288.09999999999701 707
288.19999999999703 707
288.29999999999706 708
288.39999999999708 709
288.4999999999971 709
288.59999999999712 711
288.69999999999715 711
288.79999999999717 713
288.89999999999719 713
288.99999999999721 713
289.09999999999724 714
289.19999999999726 714
289.29999999999728 715
289.39999999999731 715
289.49999999999733 716
289.59999999999735 716
289.69999999999737 716
289.7999999999974 717
289.89999999999742 717
289.99999999999744 717
290.09999999999746 717
290.19999999999749 717
290.29999999999751 717
290.39999999999753 717
290.49999999999756 717
290.59999999999758 717
290.6999999999976 717
290.79999999999762 717
290.89999999999765 717
290.99999999999767 717
291.09999999999769 717
291.19999999999771 717
291.29999999999774 717
291.39999999999776 717
291.49999999999778 717
291.59999999999781 717
291.69999999999783 717
291.79999999999785 717
291.89999999999787 717
291.9999999999979 717
292.09999999999792 717
292.19999999999794 717
292.29999999999797 717
292.39999999999799 717
292.49999999999801 718
292.59999999999803 718
292.69999999999806 718
292.79999999999808 718
292.8999999999981 719
292.99999999999812 719
293.09999999999815 720
293.19999999999817 720
293.29999999999819 720
293.39999999999822 722
293.49999999999824 722
293.59999999999826 723
293.69999999999828 723
293.79999999999831 723
293.89999999999833 725
293.99999999999835 725
294.09999999999837 728
294.1999999999984 728
294.29999999999842 729
294.39999999999844 731
294.49999999999847 731
294.59999999999849 734
294.69999999999851 734
294.79999999999853 737
294.89999999999856 738
294.99999999999858 738
295.0999999999986 741
295.19999999999862 741
295.29999999999865 746
295.39999999999867 746
295.49999999999869 747
295.59999999999872 752
295.69999999999874 752
295.79999999999876 758
295.89999999999878 758
295.99999999999881 763
296.09999999999883 765
296.19999999999885 765
296.29999999999887 772
296.3999999999989 772
296.49999999999892 780
296.59999999999894 780
296.69999999999897 782
296.79999999999899 789
296.89999999999901 789
296.99999999999903 799
297.09999999999906 799
297.19999999999908 807
297.2999999999991 809
297.39999999999912 809
297.49999999999915 821
297.59999999999917 821
297.69999999999919 833
297.79999999999922 833
297.89999999999924 836
297.99999999999926 846
298.09999999999928 846
298.19999999999931 860
298.29999999999933 860
298.39999999999935 871
298.49999999999937 842
298.5999999999994 842
298.69999999999942 699
298.79999999999944 699
298.89999999999947 700
298.99999999999949 700
299.09999999999951 702
299.19999999999953 714
299.29999999999956 714
299.39999999999958 729
299.4999999999996 729
299.59999999999962 729
299.69999999999965 583
299.79999999999967 583
299.89999999999969 583
299.99999999999972 583
